Data	Total de casos	Casos por dia	Óbitos por dia
19/5/2020	65995	2929	324
20/5/2020	69859	3864	216
21/5/2020	73739	3880	195
22/5/2020	76871	3132	215
23/5/2020	80558	3687	272
24/5/2020	82161	1603	118
25/5/2020	83625	1464	57
26/5/2020	86017	2392	203
27/5/2020	89483	3466	289
28/5/2020	95865	6382	268
29/5/2020	101556	5691	295
30/5/2020	107142	5586	257
31/5/2020	109698	2556	83
1/6/2020	111296	1598	52
2/6/2020	118295	6999	327
3/6/2020	123483	5188	282
4/6/2020	129200	5717	285
5/6/2020	134565	5365	281
6/6/2020	140549	5984	216
7/6/2020	143073	2524	87
8/6/2020	144593	1520	43
9/6/2020	150138	5545	334
10/6/2020	156316	6178	340
11/6/2020	162520	6204	283
12/6/2020	167900	5380	223
13/6/2020	172875	4975	213
14/6/2020	178202	5327	113
15/6/2020	181460	3258	73
16/6/2020	190285	8825	365
17/6/2020	191517	1232	389
18/6/2020	192628	1111	325
19/6/2020	211658	19030	386
20/6/2020	215793	4135	262
21/6/2020	219185	3392	94
22/6/2020	221973	2788	46
23/6/2020	229475	7502	434
24/6/2020	238822	9347	284
25/6/2020	248587	9765	407
26/6/2020	258508	9921	207
27/6/2020	265581	7073	297
28/6/2020	271737	6156	75
29/6/2020	275145	3408	60
30/6/2020	281380	6235	365
1/7/2020	289935	8555	267
2/7/2020	302179	12244	321
3/7/2020	310517	8338	343
4/7/2020	312530	2013	302
5/7/2020	320179	7649	82
6/7/2020	323070	2891	56
7/7/2020	332708	9638	341
8/7/2020	341365	8657	313
9/7/2020	349715	8350	330
10/7/2020	359110	9395	324
11/7/2020	366890	7780	260
12/7/2020	371997	5107	146
13/7/2020	374607	2610	59
14/7/2020	386607	12000	417
15/7/2020	393176	6569	316
16/7/2020	402048	8872	398
17/7/2020	407415	5367	339
18/7/2020	412027	4612	270
19/7/2020	415049	3022	85
20/7/2020	416434	1385	56
21/7/2020	422669	6235	383
22/7/2020	439446	16777	361
23/7/2020	452007	12561	362
24/7/2020	463218	11211	312
25/7/2020	479481	16263	311
26/7/2020	483982	4501	89
27/7/2020	487654	3672	70
28/7/2020	500301	12647	383
29/7/2020	514197	13896	330
30/7/2020	529006	14809	321
31/7/2020	542304	13298	287
1/8/2020	552318	10014	239
2/8/2020	558685	6367	81
3/8/2020	560218	1533	48
4/8/2020	575589	15371	337
5/8/2020	585265	9676	407
6/8/2020	598670	13405	339
7/8/2020	608379	9709	287
8/8/2020	621731	13352	281
9/8/2020	627126	5395	98
10/8/2020	628415	1289	37
11/8/2020	639562	11147	420
12/8/2020	655181	15619	298
13/8/2020	674455	19274	455
14/8/2020	686122	11667	289
15/8/2020	697530	11408	167
16/8/2020	699493	1963	72
17/8/2020	702665	3172	47
18/8/2020	711530	8865	416
19/8/2020	721377	9847	276
20/8/2020	730828	9451	314
21/8/2020	735960	5132	250
22/8/2020	749244	13284	237
23/8/2020	754129	4885	75
24/8/2020	756480	2351	38
25/8/2020	765670	9190	407
26/8/2020	776135	10465	282
27/8/2020	784453	8318	221
28/8/2020	796209	11756	279
29/8/2020	801422	5213	250
30/8/2020	803404	1982	34
31/8/2020	804342	938	36
1/9/2020	814375	10033	361
2/9/2020	826331	11956	298
3/9/2020	837978	11647	232
4/9/2020	845016	7038	186
5/9/2020	853085	8069	222
6/9/2020	855722	2637	40
7/9/2020	857330	1608	24
8/9/2020	858783	1453	53
9/9/2020	866576	7793	391
10/9/2020	874754	8178	283
11/9/2020	882809	8055	234
12/9/2020	890690	7881	229
13/9/2020	892257	1567	39
14/9/2020	893349	1092	36
15/9/2020	901271	7922	321
16/9/2020	909428	8157	290
17/9/2020	916821	7393	219
18/9/2020	924532	7711	206
19/9/2020	931673	7141	249
20/9/2020	935300	3627	25
21/9/2020	937332	2032	32
22/9/2020	945422	8090	282
23/9/2020	951973	6551	226
24/9/2020	958240	6267	185
25/9/2020	964921	6681	200
26/9/2020	970888	5967	186
27/9/2020	972237	1349	45
28/9/2020	973142	905	17
29/9/2020	979519	6377	266
30/9/2020	985628	6109	231
1/10/2020	991725	6097	182
2/10/2020	997333	5608	152
3/10/2020	1003429	6096	180
4/10/2020	1003902	473	42
5/10/2020	1004579	677	42
6/10/2020	1010839	6260	270
7/10/2020	1016755	5916	179
8/10/2020	1022404	5649	215
9/10/2020	1028190	5786	184
10/10/2020	1034816	6626	155
11/10/2020	1037660	2844	33
12/10/2020	1038344	684	23
13/10/2020	1039029	685	35
14/10/2020	1045060	6031	227
15/10/2020	1051613	6553	149
16/10/2020	1057240	5627	180
17/10/2020	1062634	5394	122
18/10/2020	1063602	968	28
19/10/2020	1064039	437	15
20/10/2020	1068962	4923	211
21/10/2020	1073261	4299	125
22/10/2020	1076939	3678	111
23/10/2020	1083641	6702	126
24/10/2020	1089255	5614	118
25/10/2020	1091980	2725	21
26/10/2020	1092843	863	6
27/10/2020	1098207	5364	132
28/10/2020	1103582	5375	122
29/10/2020	1108860	5278	112
30/10/2020	1113788	4928	136
31/10/2020	1116127	2339	56
1/11/2020	1117147	1020	20
2/11/2020	1117795	648	15
3/11/2020	1118544	749	18
4/11/2020	1123299	4755	185
5/11/2020	1125936	2637	168
6/11/2020	1125936	0	0
7/11/2020	1125936	0	0
8/11/2020	1125936	0	0
9/11/2020	1125936	0	0
10/11/2020	1147451	21515	0
11/11/2020	1150872	3421	190
12/11/2020	1156652	5780	295
13/11/2020	1162782	6130	0
14/11/2020	1167422	4640	347
15/11/2020	1168640	1218	15
16/11/2020	1169377	737	12
17/11/2020	1178075	8698	173
18/11/2020	1184496	6421	178
19/11/2020	1191290	6794	147
20/11/2020	1200348	9058	105
21/11/2020	1205435	5087	77
22/11/2020	1209588	4153	11
23/11/2020	1210625	1037	9
24/11/2020	1215844	5219	179
25/11/2020	1224744	8900	146
26/11/2020	1229267	4523	172
27/11/2020	1233587	4320	129
28/11/2020	1238094	4507	146
29/11/2020	1240473	2379	28
30/11/2020	1241653	1180	19
1/12/2020	1250590	8937	195
2/12/2020	1259704	9114	166
3/12/2020	1267912	8208	181
4/12/2020	1276149	8237	151
5/12/2020	1285087	8938	181
6/12/2020	1287762	2675	46
7/12/2020	1288878	1116	25
8/12/2020	1296801	7923	242
9/12/2020	1306585	9784	179
10/12/2020	1316371	9786	200
11/12/2020	1325162	8791	141
12/12/2020	1333763	8601	169
13/12/2020	1334703	940	47
14/12/2020	1337016	2313	32
15/12/2020	1341428	4412	232
16/12/2020	1341428	0	0
17/12/2020	1361731	20303	399
18/12/2020	1371653	9922	197
19/12/2020	1384100	12447	151
20/12/2020	1384100	0	0
21/12/2020	1388043	3943	107
22/12/2020	1398757	10714	259
23/12/2020	1409140	10383	181
24/12/2020	1418491	9351	182
25/12/2020	1422087	3596	37
26/12/2020	1423340	1253	13
27/12/2020	1426176	2836	55
28/12/2020	1427752	1576	39
29/12/2020	1440229	12477	293
30/12/2020	1452078	11849	282
31/12/2020	1462297	10219	240
1/1/2021	1466191	3894	58
2/1/2021	1467953	1762	33
3/1/2021	1471422	3469	37
4/1/2021	1473670	2248	43
5/1/2021	1486551	12881	334
6/1/2021	1501085	14534	289
7/1/2021	1515158	14073	257
8/1/2021	1528952	13794	261
9/1/2021	1540513	11561	269
10/1/2021	1546132	5619	53
11/1/2021	1549142	3010	28
12/1/2021	1561844	12702	283
13/1/2021	1577119	15275	323
14/1/2021	1590829	13710	304
15/1/2021	1605845	15016	311
16/1/2021	1619619	13774	285
17/1/2021	1625339	5720	60
18/1/2021	1628272	2933	42
19/1/2021	1644225	15953	331
20/1/2021	1658636	14411	334
21/1/2021	1670754	12118	286
22/1/2021	1679759	9005	254
23/1/2021	1694355	14596	231
24/1/2021	1699427	5072	79
25/1/2021	1702294	2867	54
26/1/2021	1715253	12959	282
27/1/2021	1731294	16041	332
28/1/2021	1746070	14776	311
29/1/2021	1759957	13887	241
30/1/2021	1773024	13067	232
31/1/2021	1777368	4344	80
1/2/2021	1779722	2354	56
2/2/2021	1794019	14297	365
3/2/2021	1807009	12990	249
4/2/2021	1820941	13932	293
5/2/2021	1833163	12222	327
6/2/2021	1845086	11923	221
7/2/2021	1849334	4248	69
8/2/2021	1851776	2442	49
9/2/2021	1864977	13201	424
10/2/2021	1878802	13825	332
11/2/2021	1889969	11167	323
12/2/2021	1901574	11605	229
13/2/2021	1911411	9837	220
14/2/2021	1913598	2187	75
15/2/2021	1915914	2316	38
16/2/2021	1927410	11496	398
17/2/2021	1938712	11302	258
18/2/2021	1949459	10747	280
19/2/2021	1960564	11105	259
20/2/2021	1971423	10859	244
21/2/2021	1975927	4504	56
22/2/2021	1978477	2550	43
23/2/2021	1990554	12077	357
24/2/2021	2002640	12086	329
25/2/2021	2014529	11889	345
26/2/2021	2026125	11596	256
27/2/2021	2037267	11142	299
28/2/2021	2041628	4361	65
1/3/2021	2044699	3071	53
2/3/2021	2054867	10168	468
3/3/2021	2068616	13749	367
4/3/2021	2080852	12236	313
5/3/2021	2093924	13072	370
6/3/2021	2107687	13763	353
7/3/2021	2113738	6051	46
8/3/2021	2117962	4224	121
9/3/2021	2134020	16058	517
10/3/2021	2149561	15541	469
11/3/2021	2164066	14505	440
12/3/2021	2179786	15720	521
13/3/2021	2195130	15344	434
14/3/2021	2202983	7853	158
15/3/2021	2208242	5259	100
16/3/2021	2225926	17684	679
17/3/2021	2243868	17942	617
18/3/2021	2261360	17492	659
19/3/2021	2280033	18673	620
20/3/2021	2298061	18028	616
21/3/2021	2306326	8265	144
22/3/2021	2311101	4775	44
23/3/2021	2332043	20942	1021
24/3/2021	2352438	20395	281
25/3/2021	2370885	18447	599
26/3/2021	2392374	21489	1193
27/3/2021	2410498	18124	1051
28/3/2021	2420100	9602	244
29/3/2021	2425320	5220	292
30/3/2021	2446680	21360	1209
31/3/2021	2469849	23169	1160
1/4/2021	2496416	26567	1082
2/4/2021	2513178	16762	818
3/4/2021	2520204	7026	198
4/4/2021	2527400	7196	270
5/4/2021	2532047	4647	145
6/4/2021	2554841	22794	1389
7/4/2021	2576362	21521	889
8/4/2021	2597366	21004	1299
9/4/2021	2618067	20701	1008
10/4/2021	2635378	17311	657
11/4/2021	2643534	8156	510
12/4/2021	2648844	5310	181
13/4/2021	2667241	18397	1282
14/4/2021	2686031	18790	1095
15/4/2021	2704098	18067	1060
16/4/2021	2722077	17979	791
17/4/2021	2739823	17746	771
18/4/2021	2746217	6394	253
19/4/2021	2750300	4083	178
20/4/2021	2769360	19060	1122
21/4/2021	2786483	17123	977
22/4/2021	2793750	7267	183
23/4/2021	2811562	17812	863
24/4/2021	2827833	16271	875
25/4/2021	2834321	6488	145
26/4/2021	2838233	3912	105
27/4/2021	2856225	17992	1044
28/4/2021	2873238	17013	814
29/4/2021	2888158	14920	876
30/4/2021	2903709	15551	659
1/5/2021	2918044	14335	750
2/5/2021	2923367	5323	117
3/5/2021	2926516	3149	114
4/5/2021	2941980	15464	849
5/5/2021	2956210	14230	689
6/5/2021	2969680	13470	696
7/5/2021	2984182	14502	583
8/5/2021	2997282	13100	660
9/5/2021	3003067	5785	150
10/5/2021	3006250	3183	55
11/5/2021	3022568	16318	806
12/5/2021	3038240	15672	696
13/5/2021	3053889	15649	578
14/5/2021	3069804	15915	559
15/5/2021	3085290	15486	502
16/5/2021	3092844	7554	224
17/5/2021	3096845	4001	76
18/5/2021	3112624	15779	810
19/5/2021	3129412	16788	747
20/5/2021	3147348	17936	585
21/5/2021	3163859	16511	580
22/5/2021	3180595	16736	480
23/5/2021	3188105	7510	117
24/5/2021	3192727	4622	63
25/5/2021	3210204	17477	898
26/5/2021	3226875	16671	666
27/5/2021	3239657	12782	609
28/5/2021	3241240	1583	703
29/5/2021	3254893	13653	570
30/5/2021	3265930	11037	181
31/5/2021	3272043	6113	70
1/6/2021	3291509	19466	836
2/6/2021	3314631	23122	717
3/6/2021	3334364	19733	514
4/6/2021	3338262	3898	33
5/6/2021	3355201	16939	718
6/6/2021	3365160	9959	212
7/6/2021	3370234	5074	138
8/6/2021	3378256	8022	767
9/6/2021	3382448	4192	651
10/6/2021	3405481	23033	733
11/6/2021	3428356	22875	651
12/6/2021	3449577	21221	543
13/6/2021	3458849	9272	234
14/6/2021	3464158	5309	92
15/6/2021	3487385	23227	897
16/6/2021	3509967	22582	795
17/6/2021	3525021	15054	619
18/6/2021	3552727	27706	714
19/6/2021	3573210	20483	722
20/6/2021	3582792	9582	200
21/6/2021	3587646	4854	98
22/6/2021	3610743	23097	843
23/6/2021	3630251	19508	724
24/6/2021	3648202	17951	781
25/6/2021	3669196	20994	772
26/6/2021	3688128	18932	538
27/6/2021	3696093	7965	134
28/6/2021	3700378	4285	62
29/6/2021	3719586	19208	825
30/6/2021	3727348	7762	744
1/7/2021	3743291	15943	641
2/7/2021	3762758	19467	599
3/7/2021	3779408	16650	532
4/7/2021	3785859	6451	156
5/7/2021	3790090	4231	66
6/7/2021	3809222	19132	714
7/7/2021	3824111	14889	546
8/7/2021	3838564	14453	543
9/7/2021	3853276	14712	482
10/7/2021	3860960	7684	105
11/7/2021	3866178	5218	75
12/7/2021	3869300	3122	65
13/7/2021	3879846	10546	640
14/7/2021	3896083	16237	519
15/7/2021	3908279	12196	537
16/7/2021	3919754	11475	419
17/7/2021	3936849	17095	448
18/7/2021	3939632	2783	35
19/7/2021	3942776	3144	97
20/7/2021	3947574	4798	590
21/7/2021	3966009	18435	483
22/7/2021	3979102	13093	493
23/7/2021	3991188	12086	418
24/7/2021	3997084	5896	327
25/7/2021	4001078	3994	25
26/7/2021	4003549	2471	37
27/7/2021	4015426	11877	467
28/7/2021	4027062	11636	361
29/7/2021	4038375	11313	335
30/7/2021	4048478	10103	266
31/7/2021	4057868	9390	294
1/8/2021	4061741	3873	43
2/8/2021	4063680	1939	20
3/8/2021	4073622	9942	405
4/8/2021	4084112	10490	406
5/8/2021	4094211	10099	265
6/8/2021	4104768	10557	293
7/8/2021	4113741	8973	249
8/8/2021	4117467	3726	78
9/8/2021	4119265	1798	54
10/8/2021	4129720	10455	468
11/8/2021	4138421	8701	387
12/8/2021	4147665	9244	294
13/8/2021	4156563	8898	241
14/8/2021	4164587	8024	329
15/8/2021	4168493	3906	60
16/8/2021	4170541	2048	21
17/8/2021	4179148	8607	526
18/8/2021	4187465	8317	336
19/8/2021	4195466	8001	281
20/8/2021	4202577	7111	261
21/8/2021	4209421	6844	172
22/8/2021	4212611	3190	31
23/8/2021	4214553	1942	27
24/8/2021	4222902	8349	267
25/8/2021	4229600	6698	257
26/8/2021	4236436	6836	245
27/8/2021	4244071	7635	304
28/8/2021	4250474	6403	183
29/8/2021	4253516	3042	23
30/8/2021	4255324	1808	36
31/8/2021	4262684	7360	278
1/9/2021	4269138	6454	179
2/9/2021	4275258	6120	164
3/9/2021	4281972	6714	169
4/9/2021	4288443	6471	178
5/9/2021	4290459	2016	23
6/9/2021	4291993	1534	18
7/9/2021	4295149	3156	28
8/9/2021	4297229	2080	15
9/9/2021	4298180	951	218
10/9/2021	4298851	671	192
11/9/2021	4299629	778	178
12/9/2021	4300307	678	38
13/9/2021	4300644	337	22
14/9/2021	4301525	881	186
15/9/2021	4302511	986	197
16/9/2021	4325189	22678	170
17/9/2021	4348775	23586	133
18/9/2021	4350223	1448	135
19/9/2021	4350530	307	20
20/9/2021	4351001	471	5
21/9/2021	4352832	1831	191
22/9/2021	4354658	1826	200
23/9/2021	4356590	1932	193
24/9/2021	4358788	2198	215
25/9/2021	4360548	1760	175
26/9/2021	4360931	383	31
27/9/2021	4361331	400	18
28/9/2021	4363122	1791	253
29/9/2021	4364582	1460	241
30/9/2021	4366132	1550	189
1/10/2021	4367748	1616	143
2/10/2021	4369061	1313	97
3/10/2021	4369538	477	14
4/10/2021	4369743	205	22
5/10/2021	4373508	3765	143
6/10/2021	4375187	1679	172
7/10/2021	4376700	1513	139
8/10/2021	4378139	1439	90
9/10/2021	4382863	4724	98
10/10/2021	4383381	518	28
11/10/2021	4383780	399	33
12/10/2021	4384190	410	37
13/10/2021	4384416	226	9
14/10/2021	4386346	1930	103
15/10/2021	4388031	1685	79
16/10/2021	4389479	1448	90
17/10/2021	4389848	369	19
18/10/2021	4390006	158	3
19/10/2021	4391302	1296	81
20/10/2021	4393050	1748	87
21/10/2021	4394675	1625	89
22/10/2021	4396904	2229	85
23/10/2021	4398737	1833	69
24/10/2021	4399007	270	4
25/10/2021	4399216	209	1
26/10/2021	4400932	1716	78
27/10/2021	4402566	1634	59
28/10/2021	4403856	1290	116
29/10/2021	4404843	987	116
30/10/2021	4405527	684	61
31/10/2021	4406077	550	27
1/11/2021	4406252	175	17
2/11/2021	4406990	738	62
3/11/2021	4407756	766	17
4/11/2021	4409404	1648	124
5/11/2021	4410875	1471	115
6/11/2021	4412182	1307	179
7/11/2021	4412882	700	11
8/11/2021	4413241	359	0
9/11/2021	4414187	946	2
10/11/2021	4415745	1558	9
11/11/2021	4417592	1847	1
12/11/2021	4420263	2671	414
13/11/2021	4421955	1692	105
14/11/2021	4422424	469	1
15/11/2021	4422590	166	7
16/11/2021	4422923	333	1
17/11/2021	4424893	1970	147
18/11/2021	4426828	1935	85
19/11/2021	4429036	2208	62
20/11/2021	4430190	1154	99
21/11/2021	4430977	787	12
22/11/2021	4431196	219	5

