date_of_interest	CASE_COUNT	HOSPITALIZED_COUNT	DEATH_COUNT
29/02/2020	1	1	0
01/03/2020	0	1	0
02/03/2020	0	2	0
03/03/2020	1	7	0
04/03/2020	5	2	0
05/03/2020	3	14	0
06/03/2020	8	8	0
07/03/2020	7	8	0
08/03/2020	21	18	0
09/03/2020	57	37	0
10/03/2020	69	60	0
11/03/2020	155	79	1
12/03/2020	355	106	0
13/03/2020	619	151	0
14/03/2020	642	176	2
15/03/2020	1034	209	4
16/03/2020	2121	341	8
17/03/2020	2452	386	8
18/03/2020	2971	493	20
19/03/2020	3706	633	24
20/03/2020	4007	737	47
21/03/2020	2639	737	45
22/03/2020	2580	774	49
23/03/2020	3570	1136	82
24/03/2020	4496	1301	95
25/03/2020	4874	1421	124
26/03/2020	5044	1532	186
27/03/2020	5119	1572	217
28/03/2020	3479	1380	273
29/03/2020	3560	1504	290
30/03/2020	6129	1850	323
31/03/2020	5458	1782	386
01/04/2020	5449	1739	447
02/04/2020	5746	1662	498
03/04/2020	5670	1704	499
04/04/2020	3866	1442	510
05/04/2020	3780	1397	578
06/04/2020	6353	1743	576
07/04/2020	6044	1583	598
08/04/2020	5575	1542	568
09/04/2020	5070	1340	559
10/04/2020	4510	1286	537
11/04/2020	3732	1041	544
12/04/2020	2888	947	573
13/04/2020	3311	1148	567
14/04/2020	4144	977	507
15/04/2020	3876	863	455
16/04/2020	3530	781	413
17/04/2020	3586	786	384
18/04/2020	2172	583	390
19/04/2020	2343	534	399
20/04/2020	3792	628	362
21/04/2020	3062	585	323
22/04/2020	3446	512	311
23/04/2020	2841	443	331
24/04/2020	2535	461	314
25/04/2020	1595	322	265
26/04/2020	1003	312	245
27/04/2020	2290	369	270
28/04/2020	2726	349	229
29/04/2020	2340	308	237
30/04/2020	2022	251	223
01/05/2020	1887	262	210
02/05/2020	1058	204	189
03/05/2020	787	215	177
04/05/2020	1550	238	157
05/05/2020	1512	212	152
06/05/2020	1397	211	151
07/05/2020	1238	175	141
08/05/2020	1079	169	131
09/05/2020	657	121	99
10/05/2020	457	104	102
11/05/2020	1231	180	103
12/05/2020	1285	111	90
13/05/2020	1333	128	83
14/05/2020	1110	142	70
15/05/2020	873	126	86
16/05/2020	485	91	84
17/05/2020	360	81	77
18/05/2020	895	112	59
19/05/2020	1003	115	55
20/05/2020	1077	79	79
21/05/2020	1069	84	44
22/05/2020	1036	100	66
23/05/2020	455	75	60
24/05/2020	467	86	48
25/05/2020	464	79	47
26/05/2020	1050	75	36
27/05/2020	741	76	48
28/05/2020	646	79	38
29/05/2020	639	85	43
30/05/2020	346	54	52
31/05/2020	230	60	39
01/06/2020	686	82	34
02/06/2020	570	63	38
03/06/2020	515	74	43
04/06/2020	517	75	33
05/06/2020	402	55	27
06/06/2020	247	37	34
07/06/2020	197	54	25
08/06/2020	447	62	39
09/06/2020	419	65	30
10/06/2020	363	63	32
11/06/2020	363	50	21
12/06/2020	409	52	22
13/06/2020	196	35	15
14/06/2020	180	46	23
15/06/2020	380	53	20
16/06/2020	419	61	16
17/06/2020	356	50	20
18/06/2020	378	57	15
19/06/2020	361	45	15
20/06/2020	203	26	17
21/06/2020	172	43	22
22/06/2020	402	49	17
23/06/2020	381	44	17
24/06/2020	381	53	18
25/06/2020	298	42	15
26/06/2020	317	33	17
27/06/2020	206	42	12
28/06/2020	201	32	11
29/06/2020	437	48	16
30/06/2020	441	44	11
01/07/2020	395	38	9
02/07/2020	416	46	16
03/07/2020	234	30	11
04/07/2020	120	30	5
05/07/2020	155	28	8
06/07/2020	431	54	7
07/07/2020	461	47	6
08/07/2020	437	34	13
09/07/2020	391	46	5
10/07/2020	306	44	5
11/07/2020	259	34	8
12/07/2020	223	26	4
13/07/2020	483	49	13
14/07/2020	402	43	10
15/07/2020	440	44	12
16/07/2020	411	35	6
17/07/2020	413	49	9
18/07/2020	216	27	9
19/07/2020	176	38	7
20/07/2020	401	38	8
21/07/2020	340	25	6
22/07/2020	329	40	6
23/07/2020	308	32	7
24/07/2020	298	40	4
25/07/2020	153	36	10
26/07/2020	140	25	7
27/07/2020	312	38	3
28/07/2020	313	37	12
29/07/2020	287	30	5
30/07/2020	274	36	4
31/07/2020	262	34	3
01/08/2020	189	27	6
02/08/2020	135	33	2
03/08/2020	349	38	2
04/08/2020	187	32	4
05/08/2020	298	39	5
06/08/2020	288	34	5
07/08/2020	255	23	2
08/08/2020	160	20	4
09/08/2020	133	27	3
10/08/2020	312	41	5
11/08/2020	263	25	4
12/08/2020	320	30	1
13/08/2020	276	38	3
14/08/2020	277	38	2
15/08/2020	151	23	4
16/08/2020	140	21	5
17/08/2020	333	34	5
18/08/2020	283	39	1
19/08/2020	257	35	1
20/08/2020	227	36	7
21/08/2020	252	31	3
22/08/2020	136	27	6
23/08/2020	150	22	3
24/08/2020	297	36	8
25/08/2020	283	40	3
26/08/2020	313	27	6
27/08/2020	274	31	1
28/08/2020	280	22	4
29/08/2020	128	22	2
30/08/2020	186	20	4
31/08/2020	315	42	1
01/09/2020	294	20	3
02/09/2020	271	28	4
03/09/2020	273	18	3
04/09/2020	230	32	5
05/09/2020	156	22	3
06/09/2020	207	31	7
07/09/2020	217	20	0
08/09/2020	393	26	2
09/09/2020	353	31	3
10/09/2020	323	25	3
11/09/2020	313	32	4
12/09/2020	202	11	4
13/09/2020	263	17	3
14/09/2020	462	32	5
15/09/2020	414	30	3
16/09/2020	457	46	6
17/09/2020	441	34	5
18/09/2020	292	36	3
19/09/2020	217	21	5
20/09/2020	221	24	5
21/09/2020	559	29	3
22/09/2020	497	34	3
23/09/2020	613	38	4
24/09/2020	542	41	3
25/09/2020	463	46	5
26/09/2020	280	27	5
27/09/2020	382	35	2
28/09/2020	437	38	3
29/09/2020	723	50	6
30/09/2020	605	51	9
01/10/2020	705	41	5
02/10/2020	605	49	3
03/10/2020	300	25	5
04/10/2020	335	44	7
05/10/2020	766	56	0
06/10/2020	571	47	3
07/10/2020	542	45	4
08/10/2020	525	47	5
09/10/2020	524	54	2
10/10/2020	314	38	4
11/10/2020	281	49	7
12/10/2020	515	51	8
13/10/2020	588	49	5
14/10/2020	583	58	6
15/10/2020	605	74	8
16/10/2020	503	49	7
17/10/2020	366	35	5
18/10/2020	412	40	4
19/10/2020	626	68	7
20/10/2020	601	73	5
21/10/2020	653	53	5
22/10/2020	759	53	4
23/10/2020	601	60	5
24/10/2020	386	47	1
25/10/2020	362	44	9
26/10/2020	695	55	4
27/10/2020	742	46	8
28/10/2020	783	44	4
29/10/2020	621	59	4
30/10/2020	654	61	10
31/10/2020	403	47	4
01/11/2020	501	54	13
02/11/2020	953	64	10
03/11/2020	903	76	12
04/11/2020	1113	68	9
05/11/2020	1139	85	9
06/11/2020	1037	63	10
07/11/2020	845	60	13
08/11/2020	788	64	8
09/11/2020	1546	78	5
10/11/2020	1599	87	7
11/11/2020	1541	99	9
12/11/2020	1501	79	16
13/11/2020	1494	92	6
14/11/2020	1026	100	9
15/11/2020	896	90	14
16/11/2020	1832	124	8
17/11/2020	1730	102	10
18/11/2020	1753	119	10
19/11/2020	1857	131	9
20/11/2020	1773	134	7
21/11/2020	1290	119	11
22/11/2020	1148	114	10
23/11/2020	2318	149	13
24/11/2020	2073	130	16
25/11/2020	2370	138	13
26/11/2020	817	154	7
27/11/2020	2298	158	15
28/11/2020	1835	126	13
29/11/2020	1881	166	15
30/11/2020	2893	187	18
01/12/2020	3299	202	20
02/12/2020	3129	172	27
03/12/2020	2939	215	18
04/12/2020	2816	182	26
05/12/2020	1887	177	23
06/12/2020	1756	177	21
07/12/2020	3304	221	19
08/12/2020	3059	224	22
09/12/2020	3106	275	27
10/12/2020	3150	245	25
11/12/2020	2980	247	30
12/12/2020	2206	209	34
13/12/2020	2176	225	26
14/12/2020	3578	264	30
15/12/2020	3681	236	32
16/12/2020	2787	215	39
17/12/2020	1926	229	35
18/12/2020	3427	273	39
19/12/2020	2557	240	30
20/12/2020	2346	243	29
21/12/2020	4337	331	41
22/12/2020	4100	285	53
23/12/2020	3843	302	39
24/12/2020	3015	277	39
25/12/2020	1046	266	39
26/12/2020	3455	267	37
27/12/2020	2888	244	44
28/12/2020	5392	350	43
29/12/2020	5206	323	49
30/12/2020	4985	316	40
31/12/2020	3393	284	41
01/01/2021	1339	301	35
02/01/2021	4202	326	57
03/01/2021	3465	300	39
04/01/2021	6603	408	61
05/01/2021	6156	350	65
06/01/2021	5684	379	59
07/01/2021	5445	360	52
08/01/2021	5298	355	60
09/01/2021	3690	328	70
10/01/2021	3199	309	52
11/01/2021	5915	404	58
12/01/2021	5235	396	73
13/01/2021	5176	430	67
14/01/2021	5259	433	65
15/01/2021	4845	393	62
16/01/2021	3478	370	66
17/01/2021	2921	335	55
18/01/2021	4642	446	73
19/01/2021	5140	388	81
20/01/2021	4908	376	74
21/01/2021	4938	419	63
22/01/2021	4715	432	79
23/01/2021	3461	325	78
24/01/2021	2930	336	68
25/01/2021	5817	407	65
26/01/2021	4866	369	78
27/01/2021	5005	426	90
28/01/2021	4794	392	86
29/01/2021	3671	409	88
30/01/2021	2877	269	79
31/01/2021	2894	307	73
01/02/2021	980	288	64
02/02/2021	2660	402	77
03/02/2021	5145	438	76
04/02/2021	4853	430	90
05/02/2021	4158	441	81
06/02/2021	3080	362	76
07/02/2021	1645	311	78
08/02/2021	4432	391	81
09/02/2021	3735	395	71
10/02/2021	3777	361	78
11/02/2021	3413	319	96
12/02/2021	3314	345	81
13/02/2021	2205	279	82
14/02/2021	1894	244	80
15/02/2021	2861	321	82
16/02/2021	3723	349	85
17/02/2021	3436	292	80
18/02/2021	2048	261	54
19/02/2021	3019	303	57
20/02/2021	2494	296	69
21/02/2021	2285	270	59
22/02/2021	3627	350	74
23/02/2021	3472	328	73
24/02/2021	3464	354	79
25/02/2021	3483	291	72
26/02/2021	3240	328	71
27/02/2021	2017	242	65
28/02/2021	2038	244	69
01/03/2021	3726	324	62
02/03/2021	3110	273	53
03/03/2021	3243	305	71
04/03/2021	3121	298	60
05/03/2021	2888	256	54
06/03/2021	2043	242	56
07/03/2021	1875	246	60
08/03/2021	3402	294	67
09/03/2021	3342	281	71
10/03/2021	3201	280	62
11/03/2021	3106	293	56
12/03/2021	3203	293	72
13/03/2021	2176	221	62
14/03/2021	1924	252	40
15/03/2021	3390	293	44
16/03/2021	3195	250	64
17/03/2021	3173	276	44
18/03/2021	2918	306	59
19/03/2021	3049	258	45
20/03/2021	2159	261	49
21/03/2021	2089	271	50
22/03/2021	3881	327	54
23/03/2021	3250	282	54
24/03/2021	3454	294	42
25/03/2021	3798	310	70
26/03/2021	3416	313	64
27/03/2021	2222	264	52
28/03/2021	1752	208	57
29/03/2021	3557	303	48
30/03/2021	3188	265	42
31/03/2021	3186	293	61
01/04/2021	2865	265	57
02/04/2021	2618	265	54
03/04/2021	2051	236	48
04/04/2021	1467	217	47
05/04/2021	3270	269	53
06/04/2021	3003	229	46
07/04/2021	2762	221	42
08/04/2021	2574	220	54
09/04/2021	2468	205	54
10/04/2021	1723	192	48
11/04/2021	1315	161	53
12/04/2021	2533	202	41
13/04/2021	2363	206	36
14/04/2021	2242	196	35
15/04/2021	2016	220	41
16/04/2021	1834	198	30
17/04/2021	1275	166	35
18/04/2021	1056	166	35
19/04/2021	1882	177	42
20/04/2021	1604	154	33
21/04/2021	1417	117	35
22/04/2021	1360	162	41
23/04/2021	1288	153	46
24/04/2021	852	104	29
25/04/2021	757	120	24
26/04/2021	1371	146	32
27/04/2021	1138	117	31
28/04/2021	1215	128	29
29/04/2021	1056	117	31
30/04/2021	963	94	38
01/05/2021	578	77	31
02/05/2021	569	72	29
03/05/2021	937	89	23
04/05/2021	876	96	28
05/05/2021	781	82	26
06/05/2021	785	82	27
07/05/2021	717	73	37
08/05/2021	385	63	24
09/05/2021	343	62	26
10/05/2021	654	71	27
11/05/2021	628	71	22
12/05/2021	594	63	18
13/05/2021	516	66	24
14/05/2021	487	69	28
15/05/2021	292	41	10
16/05/2021	280	41	16
17/05/2021	454	72	16
18/05/2021	415	53	14
19/05/2021	379	58	14
20/05/2021	395	65	14
21/05/2021	350	51	13
22/05/2021	233	35	17
23/05/2021	187	46	11
24/05/2021	355	35	10
25/05/2021	306	42	6
26/05/2021	249	33	4
27/05/2021	257	45	9
28/05/2021	210	35	13
29/05/2021	126	25	9
30/05/2021	119	27	8
31/05/2021	118	19	12
01/06/2021	289	33	12
02/06/2021	244	44	11
03/06/2021	207	30	11
04/06/2021	224	25	7
05/06/2021	142	17	6
06/06/2021	130	25	5
07/06/2021	222	32	6
08/06/2021	177	36	10
09/06/2021	211	24	9
10/06/2021	156	25	6
11/06/2021	188	25	6
12/06/2021	121	21	5
13/06/2021	116	30	6
14/06/2021	181	25	7
15/06/2021	180	25	6
16/06/2021	174	23	6
17/06/2021	188	30	9
18/06/2021	160	19	8
19/06/2021	107	13	11
20/06/2021	97	26	5
21/06/2021	169	29	3
22/06/2021	171	34	7
23/06/2021	188	24	5
24/06/2021	175	14	5
25/06/2021	180	18	5
26/06/2021	118	18	3
27/06/2021	110	23	1
28/06/2021	206	26	6
29/06/2021	213	23	4
30/06/2021	225	21	4
01/07/2021	204	31	4
02/07/2021	232	36	6
03/07/2021	146	21	6
04/07/2021	124	23	3
05/07/2021	188	15	1
06/07/2021	363	24	3
07/07/2021	403	23	2
08/07/2021	369	25	2
09/07/2021	370	37	2
10/07/2021	238	20	2
11/07/2021	272	27	4
12/07/2021	476	25	4
13/07/2021	459	26	3
14/07/2021	550	47	2
15/07/2021	553	28	5
16/07/2021	558	37	5
17/07/2021	340	37	6
18/07/2021	394	38	2
19/07/2021	817	53	5
20/07/2021	722	53	4
21/07/2021	897	47	2
22/07/2021	984	52	3
23/07/2021	929	51	3
24/07/2021	553	42	2
25/07/2021	639	41	4
26/07/2021	1234	62	1
27/07/2021	1210	71	5
28/07/2021	1250	76	6
29/07/2021	1291	76	7
30/07/2021	1291	79	9
31/07/2021	850	70	4
01/08/2021	831	48	11
02/08/2021	1575	75	4
03/08/2021	1591	99	2
04/08/2021	1620	89	8
05/08/2021	1548	89	6
06/08/2021	1585	115	12
07/08/2021	1149	87	14
08/08/2021	1073	99	6
09/08/2021	1894	131	9
10/08/2021	1672	119	6
11/08/2021	1765	138	9
12/08/2021	1763	125	6
13/08/2021	1606	140	9
14/08/2021	1049	93	10
15/08/2021	1146	113	6
16/08/2021	1932	131	6
17/08/2021	1756	136	15
18/08/2021	1832	111	13
19/08/2021	1701	99	14
20/08/2021	1572	123	6
21/08/2021	1091	115	16
22/08/2021	718	106	10
23/08/2021	1964	119	12
24/08/2021	1845	108	11
25/08/2021	1793	110	8
26/08/2021	1647	104	13
27/08/2021	1454	109	10
28/08/2021	986	84	14
29/08/2021	989	92	13
30/08/2021	1853	122	13
31/08/2021	1634	124	10
01/09/2021	1572	130	13
02/09/2021	1437	93	11
03/09/2021	1423	78	8
04/09/2021	905	108	12
05/09/2021	953	76	13
06/09/2021	948	77	17
07/09/2021	1569	113	7
08/09/2021	1597	98	20
09/09/2021	1717	101	18
10/09/2021	1557	99	15
11/09/2021	1036	85	15
12/09/2021	1217	88	11
13/09/2021	1739	104	12
14/09/2021	1642	82	9
15/09/2021	1611	96	10
16/09/2021	1387	84	11
17/09/2021	1525	90	11
18/09/2021	956	87	10
19/09/2021	1057	71	16
20/09/2021	1640	99	16
21/09/2021	1302	86	13
22/09/2021	1415	97	13
23/09/2021	1289	101	12
24/09/2021	1222	82	8
25/09/2021	814	69	15
26/09/2021	856	55	15
27/09/2021	1391	75	18
28/09/2021	1118	66	13
29/09/2021	1096	64	13
30/09/2021	1139	64	8
01/10/2021	1086	82	8
02/10/2021	680	64	12
03/10/2021	906	63	12
04/10/2021	1270	78	12
05/10/2021	1269	71	6
06/10/2021	1146	63	15
07/10/2021	1078	62	13
08/10/2021	1012	46	17
09/10/2021	612	69	8
10/10/2021	688	51	16
11/10/2021	933	56	9
12/10/2021	1141	49	3
13/10/2021	1110	73	9
14/10/2021	1023	49	8
15/10/2021	884	60	7
16/10/2021	487	56	6
17/10/2021	588	47	9
18/10/2021	871	58	11
19/10/2021	797	50	10
20/10/2021	801	53	7
21/10/2021	810	49	13
22/10/2021	694	47	9
23/10/2021	451	40	10
24/10/2021	445	45	14
25/10/2021	895	35	9
26/10/2021	597	42	8
27/10/2021	758	48	9
28/10/2021	738	39	7
29/10/2021	641	30	4
30/10/2021	399	28	9
31/10/2021	446	30	7
01/11/2021	779	39	4
02/11/2021	805	50	9
03/11/2021	825	53	7
04/11/2021	908	39	4
05/11/2021	770	34	5
06/11/2021	508	38	11
07/11/2021	543	35	8
08/11/2021	1135	45	9
09/11/2021	1038	33	12
10/11/2021	1047	45	7
11/11/2021	874	48	6
12/11/2021	1029	39	14
13/11/2021	615	41	5
14/11/2021	686	38	6
15/11/2021	1262	48	9
16/11/2021	1273	40	10
17/11/2021	1330	53	8
18/11/2021	1310	52	8
19/11/2021	1184	49	8
20/11/2021	826	47	10
21/11/2021	840	41	4
22/11/2021	1530	56	6
23/11/2021	1377	61	6
24/11/2021	1418	66	12
25/11/2021	532	65	8
26/11/2021	1170	74	9
27/11/2021	971	62	9
28/11/2021	1063	55	9
29/11/2021	2340	80	10
30/11/2021	2006	89	7
01/12/2021	2187	89	15
02/12/2021	2105	85	15
03/12/2021	1901	105	13
04/12/2021	1323	84	11
05/12/2021	1404	102	14
06/12/2021	2797	133	8
07/12/2021	2919	129	15
08/12/2021	3136	138	7
09/12/2021	3025	134	10
10/12/2021	3087	165	16
11/12/2021	2161	130	8
12/12/2021	2794	134	17
13/12/2021	7528	189	20
14/12/2021	10875	197	18
15/12/2021	13181	220	10
16/12/2021	13840	318	13
17/12/2021	13539	295	23
18/12/2021	9937	283	18
19/12/2021	10545	328	25
20/12/2021	27920	410	13
21/12/2021	30352	433	11
22/12/2021	31337	670	28
23/12/2021	31767	658	23
24/12/2021	17436	565	40
25/12/2021	7779	601	34
26/12/2021	22922	738	33
27/12/2021	51124	961	35
28/12/2021	49381	839	38
29/12/2021	50348	925	44
30/12/2021	47080	1027	35
31/12/2021	29009	820	56
01/01/2022	11987	862	57
02/01/2022	32435	1296	62
03/01/2022	54828	1126	67
04/01/2022	49021	1002	76
05/01/2022	40075	1119	81
06/01/2022	36208	945	93
07/01/2022	23082	827	87
08/01/2022	16122	769	97
09/01/2022	14304	718	120
10/01/2022	24293	910	110
11/01/2022	18071	758	132
12/01/2022	18384	757	119
13/01/2022	15917	714	126
14/01/2022	13312	679	129
15/01/2022	6759	504	100
16/01/2022	6874	441	114
17/01/2022	9602	539	106
18/01/2022	10918	502	119
19/01/2022	9000	435	91
20/01/2022	7019	458	116
21/01/2022	5791	390	108
22/01/2022	3636	314	84
23/01/2022	3395	272	101
24/01/2022	5810	350	112
25/01/2022	4754	342	101
26/01/2022	4194	277	110
27/01/2022	3639	275	79
28/01/2022	2723	209	97
29/01/2022	512	137	76
30/01/2022	1426	142	87
31/01/2022	3113	209	85
01/02/2022	2241	172	69
02/02/2022	2358	167	92
03/02/2022	2001	140	71
04/02/2022	1536	151	50
05/02/2022	943	113	50
06/02/2022	867	107	52
07/02/2022	1603	103	38
08/02/2022	1514	124	56
09/02/2022	1313	111	50
10/02/2022	1219	86	40
11/02/2022	984	98	43
12/02/2022	636	72	32
13/02/2022	460	56	42
14/02/2022	1014	76	21
15/02/2022	940	73	24
16/02/2022	932	73	28
17/02/2022	828	77	41
18/02/2022	664	58	35
19/02/2022	425	48	32
20/02/2022	380	36	16
21/02/2022	550	41	29
22/02/2022	682	52	12
23/02/2022	700	39	19
24/02/2022	653	40	18
25/02/2022	532	43	16
26/02/2022	333	26	6
27/02/2022	360	29	19
28/02/2022	701	48	6
01/03/2022	607	43	19
02/03/2022	638	41	16
03/03/2022	582	40	8
04/03/2022	454	37	10
05/03/2022	313	21	12
06/03/2022	335	18	8
07/03/2022	648	23	11
08/03/2022	672	20	6
09/03/2022	630	28	11
10/03/2022	692	28	10
11/03/2022	600	20	8
12/03/2022	295	19	9
13/03/2022	434	23	8
14/03/2022	877	33	15
15/03/2022	818	27	10
16/03/2022	856	24	9
17/03/2022	729	23	4
18/03/2022	789	28	4
19/03/2022	442	19	4
20/03/2022	634	23	7
21/03/2022	1270	20	3
22/03/2022	1215	25	5
23/03/2022	1221	20	4
24/03/2022	1112	15	5
25/03/2022	1051	24	4
26/03/2022	615	16	3
27/03/2022	729	9	4
28/03/2022	1243	1	2

